synLoc = [4450  8008  1042
  5812  8354  1208
  5088  8682  1047
  6604  9200  1047
  3558  7874  1046
  4710  8324  1046
  5046  8526  1050
  5108  9020  1046
  5140  8748  1046
  5826  8726  1049
  5820  9238  1047
  3132  7730  1048
  6598  9286  1047
  3478  8116  1052
  4712  8166  1051
  5248  8450  1048
  5378  8352  1054
  3056  7528  1056
  3126  7484  1054
  4256  7918  1050
  5664  8908  1061
  6272  9086  1049
  4996  9044  1050
  5546  8420  1051
  5810  8512  1051
  6210  9380  1060
  6846  9064  1052
  3024  7646  1055
  4074  8402  1052
  5216  8734  1051
  5836  8848  1060
  5014  8546  1084
  4002  8028  1093
  5736  8664  1092
  4120  9012  1109
  4640  7908  1099
  4864  8566  1097
  3208  7474  1096
  3654  7456  1098
  5024  8778  1098
  6836  8722  1096
  3052  7866  1098
  3894  7502  1098
  4604  8806  1097
  5478  8206  1099
  6206  9156  1097
  6324  9300  1097
  6574  8366  1106
  3312  7396  1097
  5820  8412  1103
  4830  8806  1107
  5056  8152  1098
  5336  8822  1101
  5596  8274  1106
  4536  8134  1101
  4604  8632  1100
  5126  9104  1100
  6502  9696  1107
  4556  7966  1101
  6926  8542  1103
  4202  8522  1099
  4590  8338  1103
  4614  8438  1104
  4772  8656  1101
  5858  9496  1099
  6130  9194  1101
  2974  8288  1102
  5932  8952  1103
  5394  7860  1144
  3526  7762  1144
  6094  9600  1147
  5402  8030  1150
  4480  8912  1146
  6088  9324  1145
  5266  9114  1146
  3772  7768  1149
  3038  8112  1150
  5542  9038  1151
  3210  8430  1148
  4080  8998  1148
  4316  7842  1150
  4328  8104  1148
  4534  9018  1149
  4948  8866  1152
  5324  8414  1149
  6256  8002  1157
  2948  8270  1150
  3946  8440  1150
  4166  8554  1154
  5508  9370  1154
  5662  8584  1150
  6090  9490  1149
  4234  8114  1149
  4902  9002  1151
  5144  8476  1152
  5312  9286  1149
  5838  9550  1149
  6042  9190  1150
  6242  9532  1149
  3570  7552  1150
  5160  9232  1150
  6026  7990  1151
  2972  8066  1153
  4310  8714  1152
  4694  9030  1152
  4732  7674  1154
  5878  9430  1154
  6282  8570  1153
  3404  7442  1194
  5530  8368  1196
  4564  8618  1196
  6576  9482  1194
  5282  8906  1196
  4154  8600  1194
  6000  8616  1199
  6050  9144  1194
  4600  8266  1195
  6846  8096  1199
  6570  9408  1196
  6594  8806  1200
  3052  7208  1198
  3262  7958  1199
  5626  8806  1198
  2988  8246  1199
  3656  8070  1198
  4426  8740  1197
  5324  8996  1197
  5730  9074  1198
  5792  8380  1197
  7060  8350  1197
  3370  7656  1199
  5100  8360  1198
  6244  8898  1198
  5714  8220  1208
  5844  8668  1200
  5966  7758  1201
  4728  8542  1200
  5072  8248  1201
  5236  9240  1198
  6446  8596  1199
  6650  8902  1198
  4982  8172  1199
  5348  9134  1202
  5358  7910  1200
  6068  8926  1202
  6448  9054  1200
  3072  7622  1200
  3312  8520  1201
  4774  7486  1204
  5116  7800  1201
  5142  8996  1201
  5814  9102  1201
  6286  8906  1201
  6422  8096  1199
  2820  7478  1204
  3126  8156  1208
  3546  8356  1204
  4280  8484  1202
  4706  8108  1202
  4918  7614  1212
  5082  8066  1202
  5862  8698  1250
  6288  8176  1243
  3010  7418  1244
  5186  8620  1247
  6288  7888  1254
  5120  8932  1246
  6906  8172  1250
  5006  8348  1252
  6838  9096  1246
  3248  7950  1249
  3280  7658  1248
  4172  8450  1249
  5026  8896  1248
  5622  8486  1249
  5868  9196  1252
  6330  8960  1248
  6364  9258  1249
  5268  7634  1250
  3594  7808  1256
  4318  8556  1251
  4446  8554  1251
  5172  7768  1253
  5334  8338  1252
  5556  8356  1249
  6332  8748  1249
  5210  7606  1252
  6430  8312  1260
  6632  8216  1250
  3352  8106  1251
  3604  8208  1252
  4786  7492  1254
  4788  8238  1254
  5036  7630  1252
  6820  8826  1252
  3042  7600  1287
  4788  7790  1292
  5052  7398  1291
  6566  8886  1297
  6880  8940  1299
  6994  8422  1296
  5456  8280  1296
  4938  7354  1297
  5388  8182  1299
  4860  7974  1298
  5462  7880  1299
  6158  8140  1303
  6496  8288  1300
  4908  7760  1308
  6262  8254  1303
  6252  8060  1300
  6414  8228  1300
  5704  7980  1301
  5840  8560  1303
  6374  8308  1301
  5272  8296  1338
  4704  8010  1345
  5592  8326  1346
  4658  8170  1348
  4836  8184  1347
  5228  8126  1349
  3874  8326  1014
  3956  8396  1018
  3604  8276  1020
  4932  8434  1025
  3854  8064  1021
  3554  8172  1023
  4446  8240  1022
  6098  8822  1039
  3726  8134  1028
  5500  8840  1026
  3696  8282  1027
  3836  8226  1028
  5322  8508  1031
  5920  8830  1035
  6236  9056  1032
  6588  9424  1046
  4094  8402  1029
  5138  8848  1031
  5640  8828  1032
  4556  8078  1042
  5414  9068  1038
  5504  8944  1030
  5762  8672  1034
  3492  7794  1031
  6484  9264  1040
  3414  8248  1032
  3538  8318  1033
  4946  8814  1035
  5162  8564  1033
  4682  8232  1036
  4994  8870  1033
  5684  8612  1035
  3226  8098  1037
  4430  8184  1035
  4982  8450  1037
  4950  8356  1038
  5554  8760  1039
  4336  7950  1039
  5008  8948  1037
  4450  8830  1040
  5790  8574  1041
  4882  8426  1041
  6786  9390  1041
  5346  8818  1043
  6250  9198  1043
  3206  8202  1043
  5370  8988  1042
  5430  8996  1043
  3434  7888  1044
  3774  7704  1044
  4574  8868  1044
  4036  8726  1045
  3882  8314  1046
  3496  7840  1047
  4986  8584  1046
  4664  8236  1043
  3172  8092  1052
  6154  9018  1056
  5376  8456  1056
  6454  9126  1057
  6774  9080  1059
  3164  8264  1054
  6622  8942  1065
  5222  8264  1056
  5570  8458  1055
  3640  8086  1059
  4738  8854  1057
  4824  8894  1057
  5222  8770  1057
  5224  8392  1056
  5684  8518  1058
  6104  8680  1057
  3530  7982  1061
  3666  8596  1061
  3866  7952  1058
  3914  7640  1061
  4032  8306  1058
  5266  8836  1060
  6802  9228  1062
  3710  7752  1059
  4810  8372  1060
  4810  8512  1061
  5660  9036  1073
  3130  8220  1059
  5056  8420  1060
  5918  8816  1061
  3112  7704  1062
  5038  9044  1062
  5734  8770  1067
  3200  8374  1066
  6526  9368  1065
  6716  9516  1067
  2930  8100  1066
  4936  8962  1064
  6880  9038  1067
  2836  7592  1064
  3022  7376  1066
  3362  7954  1071
  4404  8598  1065
  5334  8780  1072
  5470  9170  1068
  2964  7818  1067
  6464  8650  1068
  6684  9404  1067
  5122  9132  1067
  5430  8326  1067
  5458  8654  1067
  4278  8150  1068
  5676  8680  1069
  6398  9522  1068
  6456  9476  1069
  6610  9278  1070
  6706  9318  1073
  2962  7704  1072
  3290  7910  1069
  3386  7532  1072
  5230  8278  1071
  5234  8572  1069
  5934  9370  1070
  6860  9140  1067
  3466  7746  1069
  4386  8902  1070
  4432  8640  1069
  4650  9018  1075
  5472  8590  1069
  2854  7480  1071
  3718  7634  1071
  5526  8888  1074
  5714  8622  1071
  6074  8496  1071
  6356  9246  1072
  3752  8728  1078
  3922  7768  1073
  4128  8824  1077
  4204  8620  1073
  3842  8048  1074
  3886  7808  1084
  4180  8160  1075
  6616  9604  1073
  3036  8032  1073
  4522  8404  1075
  4630  8594  1075
  4782  8222  1073
  5186  8576  1074
  5256  9140  1074
  5838  8492  1075
  6044  8748  1075
  2976  7266  1079
  3376  8492  1082
  5788  8552  1074
  5144  8332  1075
  6548  9612  1076
  6646  8718  1075
  3714  8116  1078
  4042  8352  1078
  4040  8530  1077
  4122  8058  1079
  4856  8204  1077
  3606  8150  1079
  4032  8200  1078
  4882  8950  1077
  4894  8438  1078
  5954  8586  1078
  3576  7574  1081
  4304  8238  1077
  5462  8852  1081
  6244  9104  1078
  4450  8900  1079
  4652  8356  1080
  5804  8650  1078
  5898  8664  1082
  6392  9558  1083
  6800  9286  1083
  6950  8782  1080
  3670  7824  1084
  3938  8442  1081
  4418  8488  1080
  4690  9090  1080
  5656  8312  1082
  5974  8794  1082
  6662  8822  1084
  3004  7518  1082
  3088  7628  1082
  3342  7438  1080
  4372  8310  1082
  4598  8394  1081
  5168  8426  1088
  5958  8718  1081
  6612  9084  1083
  3028  7948  1084
  3458  7644  1082
  4244  8558  1083
  4338  8104  1083
  5396  8468  1086
  6254  8476  1087
  4828  8458  1085
  6132  9110  1085
  3214  7328  1089
  3668  8192  1085
